cow .9 .1 1 30 .005 .1 .001
sheep .9 .1 1 30 .005 .1 .001
chair .9 .1 1 30 .005 .1 .001
face .9 .1 1 30 .005 .1 .001
dog .9 .1 1 30 .005 .1 .001
aero .9 .001 1 30 .005 .1 .001
bike .9 .001 1 24 .005 .1 .001
cat .9 .001 1 24 .005 .1 .001
car .9 .1 1 30 .005 .1 .001
Aero_82 .9 .001 2 82 .005 .1 .001
Aero_82 .9 .001 2 82 .005 .1 .005
Horse_93 .9 .1  2 93 .005 .1 .005
Horse_93 .9 .1  2 93 .005 .1 .001
Car_89 .9 .1 2 89 .005 .1 .001
Car_89 .9 .1 2 89 .005 .1 .005
Car_89 .9  1 2 89 .005 .1 .005
cow .9 .1 1 30 .005 .1 .005
sheep .9 .1 1 30 .005 .1 .005
chair .9 .1 1 30 .005 .1 .005
face .9 .1 1 30 .005 .1 .005
dog .9 .1 1 30 .005 .1 .005
aero .9 .001 1 30 .005 .1 .005
bike .9 .001 1 24 .005 .1 .005
cat .9 .001 1 24 .005 .1 .005
car .9 .1 1 30 .005 .1 .005