Train .7 1 0 32 .001 .1 .001
Cow .7 1 0 34 .001 .1 .001
Sheep .7 1 0 39 .001 .1 .001
Horse .7 1 0 40 .001 .1 .001
Bicycle .7 .001 0 43 .001 .1 .001
Bird .7 1 0 77 .001 .1 .001
Aero .7 .001 0 66 .001 .1 .001
Boat .7 1 0 54 .001 .1 .001
Bottle .7 .1 0 44 .001 .1 .001
Bus .7 .1 0 47 .001 .1 .001
Car .75 .1 0 63 .0001 .1 .0001
Cat .75 .001 0 75 .0001 .1 .0001
Chair .75 1 0 48 .0001 .1 .0001  
Dog .75 1 0 76 .0001 .1 .0001
Mbike .75 .001 0 56 .0001 .1 .0001
Plant .75 1 0 41 .0001 .1 .0001
Sofa .75 .001 0 26 .0001 .1 .0001
Monitor .75 .1 0 47 .0001 .1 .0001
Person .75 .001 0 115 .0001 .1 .0001
